1.000	3	3
0.100	3	12
0.100	3	48
0.100	3	192
0.100	3	768
0.700	5	5
0.800	6	6
-0.100	6	9
2.500	7	7
0.100	7	52
0.100	7	196
0.100	7	772
-0.100	9	6
0.800	9	9
0.700	10	10
2.500	11	11
0.100	11	56
0.100	11	200
0.100	11	776
0.100	12	3
1.000	12	12
0.100	12	48
0.100	12	192
0.100	12	768
2.500	13	13
0.100	13	49
0.100	13	193
0.100	13	769
2.500	14	14
0.100	14	50
0.100	14	194
0.100	14	770
5.000	15	15
0.100	15	51
0.100	15	60
0.100	15	195
0.100	15	204
0.100	15	771
0.100	15	780
0.700	17	17
0.800	18	18
-0.100	18	33
2.500	19	19
0.100	19	28
0.100	19	208
0.100	19	784
0.700	20	20
2.100	21	21
2.300	22	22
-0.100	22	25
-0.100	22	37
4.700	23	23
0.100	23	212
0.100	23	788
0.800	24	24
-0.100	24	36
-0.100	25	22
2.300	25	25
-0.100	25	37
2.300	26	26
-0.100	26	38
-0.100	26	41
4.800	27	27
-0.100	27	39
0.100	27	216
0.100	27	792
0.100	28	19
2.500	28	28
0.100	28	208
0.100	28	784
4.700	29	29
0.100	29	209
0.100	29	785
4.800	30	30
-0.100	30	45
0.100	30	210
0.100	30	786
8.000	31	31
0.100	31	211
0.100	31	220
0.100	31	787
0.100	31	796
-0.100	33	18
0.800	33	33
0.700	34	34
2.500	35	35
0.100	35	44
0.100	35	224
0.100	35	800
-0.100	36	24
0.800	36	36
-0.100	37	22
-0.100	37	25
2.300	37	37
-0.100	38	26
2.300	38	38
-0.100	38	41
-0.100	39	27
4.800	39	39
0.100	39	228
0.100	39	804
0.700	40	40
-0.100	41	26
-0.100	41	38
2.300	41	41
2.100	42	42
4.700	43	43
0.100	43	232
0.100	43	808
0.100	44	35
2.500	44	44
0.100	44	224
0.100	44	800
-0.100	45	30
4.800	45	45
0.100	45	225
0.100	45	801
4.700	46	46
0.100	46	226
0.100	46	802
8.000	47	47
0.100	47	227
0.100	47	236
0.100	47	803
0.100	47	812
0.100	48	3
0.100	48	12
1.000	48	48
0.100	48	192
0.100	48	768
0.100	49	13
2.500	49	49
0.100	49	193
0.100	49	769
0.100	50	14
2.500	50	50
0.100	50	194
0.100	50	770
0.100	51	15
5.000	51	51
0.100	51	60
0.100	51	195
0.100	51	240
0.100	51	771
0.100	51	816
0.100	52	7
2.500	52	52
0.100	52	196
0.100	52	772
4.700	53	53
0.100	53	197
0.100	53	773
4.800	54	54
-0.100	54	57
0.100	54	198
0.100	54	774
8.000	55	55
0.100	55	199
0.100	55	244
0.100	55	775
0.100	55	820
0.100	56	11
2.500	56	56
0.100	56	200
0.100	56	776
-0.100	57	54
4.800	57	57
0.100	57	201
0.100	57	777
4.700	58	58
0.100	58	202
0.100	58	778
8.000	59	59
0.100	59	203
0.100	59	248
0.100	59	779
0.100	59	824
0.100	60	15
0.100	60	51
5.000	60	60
0.100	60	204
0.100	60	240
0.100	60	780
0.100	60	816
8.000	61	61
0.100	61	205
0.100	61	241
0.100	61	781
0.100	61	817
8.000	62	62
0.100	62	206
0.100	62	242
0.100	62	782
0.100	62	818
12.000	63	63
0.100	63	207
0.100	63	243
0.100	63	252
0.100	63	783
0.100	63	819
0.100	63	828
0.700	65	65
0.800	66	66
-0.100	66	129
2.500	67	67
0.100	67	76
0.100	67	112
0.100	67	832
0.700	68	68
2.100	69	69
2.300	70	70
-0.100	70	73
-0.100	70	133
4.700	71	71
0.100	71	116
0.100	71	836
0.800	72	72
-0.100	72	132
-0.100	73	70
2.300	73	73
-0.100	73	133
2.300	74	74
-0.100	74	134
-0.100	74	137
4.800	75	75
0.100	75	120
-0.100	75	135
0.100	75	840
0.100	76	67
2.500	76	76
0.100	76	112
0.100	76	832
4.700	77	77
0.100	77	113
0.100	77	833
4.800	78	78
0.100	78	114
-0.100	78	141
0.100	78	834
8.000	79	79
0.100	79	115
0.100	79	124
0.100	79	835
0.100	79	844
0.700	80	80
2.100	81	81
2.300	82	82
-0.100	82	97
-0.100	82	145
4.700	83	83
0.100	83	92
0.100	83	848
2.100	84	84
4.200	85	85
4.500	86	86
-0.100	86	89
-0.100	86	101
-0.100	86	149
7.600	87	87
0.100	87	852
2.300	88	88
-0.100	88	100
-0.100	88	148
-0.100	89	86
4.500	89	89
-0.100	89	101
-0.100	89	149
4.600	90	90
-0.100	90	102
-0.100	90	105
-0.100	90	150
-0.100	90	153
7.800	91	91
-0.100	91	103
-0.100	91	151
0.100	91	856
0.100	92	83
4.700	92	92
0.100	92	848
7.600	93	93
0.100	93	849
7.800	94	94
-0.100	94	109
-0.100	94	157
0.100	94	850
11.700	95	95
0.100	95	851
0.100	95	860
0.800	96	96
-0.100	96	144
-0.100	97	82
2.300	97	97
-0.100	97	145
2.300	98	98
-0.100	98	146
-0.100	98	161
4.800	99	99
0.100	99	108
-0.100	99	147
0.100	99	864
-0.100	100	88
2.300	100	100
-0.100	100	148
-0.100	101	86
-0.100	101	89
4.500	101	101
-0.100	101	149
-0.100	102	90
4.600	102	102
-0.100	102	105
-0.100	102	150
-0.100	102	165
-0.100	103	91
7.800	103	103
-0.100	103	151
0.100	103	868
2.300	104	104
-0.100	104	152
-0.100	104	164
-0.100	105	90
-0.100	105	102
4.600	105	105
-0.100	105	153
-0.100	105	165
4.500	106	106
-0.100	106	154
-0.100	106	166
-0.100	106	169
7.800	107	107
-0.100	107	155
-0.100	107	167
0.100	107	872
0.100	108	99
4.800	108	108
-0.100	108	156
0.100	108	864
-0.100	109	94
7.800	109	109
-0.100	109	157
0.100	109	865
7.800	110	110
-0.100	110	158
-0.100	110	173
0.100	110	866
11.800	111	111
-0.100	111	159
0.100	111	867
0.100	111	876
0.100	112	67
0.100	112	76
2.500	112	112
0.100	112	832
0.100	113	77
4.700	113	113
0.100	113	833
0.100	114	78
4.800	114	114
-0.100	114	177
0.100	114	834
0.100	115	79
8.000	115	115
0.100	115	124
0.100	115	835
0.100	115	880
0.100	116	71
4.700	116	116
0.100	116	836
7.600	117	117
0.100	117	837
7.800	118	118
-0.100	118	121
-0.100	118	181
0.100	118	838
11.700	119	119
0.100	119	839
0.100	119	884
0.100	120	75
4.800	120	120
-0.100	120	180
0.100	120	840
-0.100	121	118
7.800	121	121
-0.100	121	181
0.100	121	841
7.800	122	122
-0.100	122	182
-0.100	122	185
0.100	122	842
11.800	123	123
-0.100	123	183
0.100	123	843
0.100	123	888
0.100	124	79
0.100	124	115
8.000	124	124
0.100	124	844
0.100	124	880
11.700	125	125
0.100	125	845
0.100	125	881
11.800	126	126
-0.100	126	189
0.100	126	846
0.100	126	882
16.500	127	127
0.100	127	847
0.100	127	883
0.100	127	892
-0.100	129	66
0.800	129	129
0.700	130	130
2.500	131	131
0.100	131	140
0.100	131	176
0.100	131	896
-0.100	132	72
0.800	132	132
-0.100	133	70
-0.100	133	73
2.300	133	133
-0.100	134	74
2.300	134	134
-0.100	134	137
-0.100	135	75
4.800	135	135
0.100	135	180
0.100	135	900
0.700	136	136
-0.100	137	74
-0.100	137	134
2.300	137	137
2.100	138	138
4.700	139	139
0.100	139	184
0.100	139	904
0.100	140	131
2.500	140	140
0.100	140	176
0.100	140	896
-0.100	141	78
4.800	141	141
0.100	141	177
0.100	141	897
4.700	142	142
0.100	142	178
0.100	142	898
8.000	143	143
0.100	143	179
0.100	143	188
0.100	143	899
0.100	143	908
-0.100	144	96
0.800	144	144
-0.100	145	82
-0.100	145	97
2.300	145	145
-0.100	146	98
2.300	146	146
-0.100	146	161
-0.100	147	99
4.800	147	147
0.100	147	156
0.100	147	912
-0.100	148	88
-0.100	148	100
2.300	148	148
-0.100	149	86
-0.100	149	89
-0.100	149	101
4.500	149	149
-0.100	150	90
-0.100	150	102
4.600	150	150
-0.100	150	153
-0.100	150	165
-0.100	151	91
-0.100	151	103
7.800	151	151
0.100	151	916
-0.100	152	104
2.300	152	152
-0.100	152	164
-0.100	153	90
-0.100	153	105
-0.100	153	150
4.600	153	153
-0.100	153	165
-0.100	154	106
4.500	154	154
-0.100	154	166
-0.100	154	169
-0.100	155	107
7.800	155	155
-0.100	155	167
0.100	155	920
-0.100	156	108
0.100	156	147
4.800	156	156
0.100	156	912
-0.100	157	94
-0.100	157	109
7.800	157	157
0.100	157	913
-0.100	158	110
7.800	158	158
-0.100	158	173
0.100	158	914
-0.100	159	111
11.800	159	159
0.100	159	915
0.100	159	924
0.700	160	160
-0.100	161	98
-0.100	161	146
2.300	161	161
2.100	162	162
4.700	163	163
0.100	163	172
0.100	163	928
-0.100	164	104
-0.100	164	152
2.300	164	164
-0.100	165	102
-0.100	165	105
-0.100	165	150
-0.100	165	153
4.600	165	165
-0.100	166	106
-0.100	166	154
4.500	166	166
-0.100	166	169
-0.100	167	107
-0.100	167	155
7.800	167	167
0.100	167	932
2.100	168	168
-0.100	169	106
-0.100	169	154
-0.100	169	166
4.500	169	169
4.200	170	170
7.600	171	171
0.100	171	936
0.100	172	163
4.700	172	172
0.100	172	928
-0.100	173	110
-0.100	173	158
7.800	173	173
0.100	173	929
7.600	174	174
0.100	174	930
11.700	175	175
0.100	175	931
0.100	175	940
0.100	176	131
0.100	176	140
2.500	176	176
0.100	176	896
-0.100	177	114
0.100	177	141
4.800	177	177
0.100	177	897
0.100	178	142
4.700	178	178
0.100	178	898
0.100	179	143
8.000	179	179
0.100	179	188
0.100	179	899
0.100	179	944
-0.100	180	120
0.100	180	135
4.800	180	180
0.100	180	900
-0.100	181	118
-0.100	181	121
7.800	181	181
0.100	181	901
-0.100	182	122
7.800	182	182
-0.100	182	185
0.100	182	902
-0.100	183	123
11.800	183	183
0.100	183	903
0.100	183	948
0.100	184	139
4.700	184	184
0.100	184	904
-0.100	185	122
-0.100	185	182
7.800	185	185
0.100	185	905
7.600	186	186
0.100	186	906
11.700	187	187
0.100	187	907
0.100	187	952
0.100	188	143
0.100	188	179
8.000	188	188
0.100	188	908
0.100	188	944
-0.100	189	126
11.800	189	189
0.100	189	909
0.100	189	945
11.700	190	190
0.100	190	910
0.100	190	946
16.500	191	191
0.100	191	911
0.100	191	947
0.100	191	956
0.100	192	3
0.100	192	12
0.100	192	48
1.000	192	192
0.100	192	768
0.100	193	13
0.100	193	49
2.500	193	193
0.100	193	769
0.100	194	14
0.100	194	50
2.500	194	194
0.100	194	770
0.100	195	15
0.100	195	51
5.000	195	195
0.100	195	204
0.100	195	240
0.100	195	771
0.100	195	960
0.100	196	7
0.100	196	52
2.500	196	196
0.100	196	772
0.100	197	53
4.700	197	197
0.100	197	773
0.100	198	54
4.800	198	198
-0.100	198	201
0.100	198	774
0.100	199	55
8.000	199	199
0.100	199	244
0.100	199	775
0.100	199	964
0.100	200	11
0.100	200	56
2.500	200	200
0.100	200	776
0.100	201	57
-0.100	201	198
4.800	201	201
0.100	201	777
0.100	202	58
4.700	202	202
0.100	202	778
0.100	203	59
8.000	203	203
0.100	203	248
0.100	203	779
0.100	203	968
0.100	204	15
0.100	204	60
0.100	204	195
5.000	204	204
0.100	204	240
0.100	204	780
0.100	204	960
0.100	205	61
8.000	205	205
0.100	205	241
0.100	205	781
0.100	205	961
0.100	206	62
8.000	206	206
0.100	206	242
0.100	206	782
0.100	206	962
0.100	207	63
12.000	207	207
0.100	207	243
0.100	207	252
0.100	207	783
0.100	207	963
0.100	207	972
0.100	208	19
0.100	208	28
2.500	208	208
0.100	208	784
0.100	209	29
4.700	209	209
0.100	209	785
0.100	210	30
4.800	210	210
-0.100	210	225
0.100	210	786
0.100	211	31
8.000	211	211
0.100	211	220
0.100	211	787
0.100	211	976
0.100	212	23
4.700	212	212
0.100	212	788
7.600	213	213
0.100	213	789
7.800	214	214
-0.100	214	217
-0.100	214	229
0.100	214	790
11.700	215	215
0.100	215	791
0.100	215	980
0.100	216	27
4.800	216	216
-0.100	216	228
0.100	216	792
-0.100	217	214
7.800	217	217
-0.100	217	229
0.100	217	793
7.800	218	218
-0.100	218	230
-0.100	218	233
0.100	218	794
11.800	219	219
-0.100	219	231
0.100	219	795
0.100	219	984
0.100	220	31
0.100	220	211
8.000	220	220
0.100	220	796
0.100	220	976
11.700	221	221
0.100	221	797
0.100	221	977
11.800	222	222
-0.100	222	237
0.100	222	798
0.100	222	978
16.500	223	223
0.100	223	799
0.100	223	979
0.100	223	988
0.100	224	35
0.100	224	44
2.500	224	224
0.100	224	800
0.100	225	45
-0.100	225	210
4.800	225	225
0.100	225	801
0.100	226	46
4.700	226	226
0.100	226	802
0.100	227	47
8.000	227	227
0.100	227	236
0.100	227	803
0.100	227	992
0.100	228	39
-0.100	228	216
4.800	228	228
0.100	228	804
-0.100	229	214
-0.100	229	217
7.800	229	229
0.100	229	805
-0.100	230	218
7.800	230	230
-0.100	230	233
0.100	230	806
-0.100	231	219
11.800	231	231
0.100	231	807
0.100	231	996
0.100	232	43
4.700	232	232
0.100	232	808
-0.100	233	218
-0.100	233	230
7.800	233	233
0.100	233	809
7.600	234	234
0.100	234	810
11.700	235	235
0.100	235	811
0.100	235	1000
0.100	236	47
0.100	236	227
8.000	236	236
0.100	236	812
0.100	236	992
-0.100	237	222
11.800	237	237
0.100	237	813
0.100	237	993
11.700	238	238
0.100	238	814
0.100	238	994
16.500	239	239
0.100	239	815
0.100	239	995
0.100	239	1004
0.100	240	51
0.100	240	60
0.100	240	195
0.100	240	204
5.000	240	240
0.100	240	816
0.100	240	960
0.100	241	61
0.100	241	205
8.000	241	241
0.100	241	817
0.100	241	961
0.100	242	62
0.100	242	206
8.000	242	242
0.100	242	818
0.100	242	962
0.100	243	63
0.100	243	207
12.000	243	243
0.100	243	252
0.100	243	819
0.100	243	963
0.100	243	1008
0.100	244	55
0.100	244	199
8.000	244	244
0.100	244	820
0.100	244	964
11.700	245	245
0.100	245	821
0.100	245	965
11.800	246	246
-0.100	246	249
0.100	246	822
0.100	246	966
16.500	247	247
0.100	247	823
0.100	247	967
0.100	247	1012
0.100	248	59
0.100	248	203
8.000	248	248
0.100	248	824
0.100	248	968
-0.100	249	246
11.800	249	249
0.100	249	825
0.100	249	969
11.700	250	250
0.100	250	826
0.100	250	970
16.500	251	251
0.100	251	827
0.100	251	971
0.100	251	1016
0.100	252	63
0.100	252	207
0.100	252	243
12.000	252	252
0.100	252	828
0.100	252	972
0.100	252	1008
16.500	253	253
0.100	253	829
0.100	253	973
0.100	253	1009
16.500	254	254
0.100	254	830
0.100	254	974
0.100	254	1010
22.000	255	255
0.100	255	831
0.100	255	975
0.100	255	1011
0.100	255	1020
0.700	257	257
0.800	258	258
-0.100	258	513
2.500	259	259
0.100	259	268
0.100	259	304
0.100	259	448
0.700	260	260
2.100	261	261
2.300	262	262
-0.100	262	265
-0.100	262	517
4.700	263	263
0.100	263	308
0.100	263	452
0.800	264	264
-0.100	264	516
-0.100	265	262
2.300	265	265
-0.100	265	517
2.300	266	266
-0.100	266	518
-0.100	266	521
4.800	267	267
0.100	267	312
0.100	267	456
-0.100	267	519
0.100	268	259
2.500	268	268
0.100	268	304
0.100	268	448
4.700	269	269
0.100	269	305
0.100	269	449
4.800	270	270
0.100	270	306
0.100	270	450
-0.100	270	525
8.000	271	271
0.100	271	307
0.100	271	316
0.100	271	451
0.100	271	460
0.700	272	272
2.100	273	273
2.300	274	274
-0.100	274	289
-0.100	274	529
4.700	275	275
0.100	275	284
0.100	275	464
2.100	276	276
4.200	277	277
4.500	278	278
-0.100	278	281
-0.100	278	293
-0.100	278	533
7.600	279	279
0.100	279	468
2.300	280	280
-0.100	280	292
-0.100	280	532
-0.100	281	278
4.500	281	281
-0.100	281	293
-0.100	281	533
4.600	282	282
-0.100	282	294
-0.100	282	297
-0.100	282	534
-0.100	282	537
7.800	283	283
-0.100	283	295
0.100	283	472
-0.100	283	535
0.100	284	275
4.700	284	284
0.100	284	464
7.600	285	285
0.100	285	465
7.800	286	286
-0.100	286	301
0.100	286	466
-0.100	286	541
11.700	287	287
0.100	287	467
0.100	287	476
0.800	288	288
-0.100	288	528
-0.100	289	274
2.300	289	289
-0.100	289	529
2.300	290	290
-0.100	290	530
-0.100	290	545
4.800	291	291
0.100	291	300
0.100	291	480
-0.100	291	531
-0.100	292	280
2.300	292	292
-0.100	292	532
-0.100	293	278
-0.100	293	281
4.500	293	293
-0.100	293	533
-0.100	294	282
4.600	294	294
-0.100	294	297
-0.100	294	534
-0.100	294	549
-0.100	295	283
7.800	295	295
0.100	295	484
-0.100	295	535
2.300	296	296
-0.100	296	536
-0.100	296	548
-0.100	297	282
-0.100	297	294
4.600	297	297
-0.100	297	537
-0.100	297	549
4.500	298	298
-0.100	298	538
-0.100	298	550
-0.100	298	553
7.800	299	299
0.100	299	488
-0.100	299	539
-0.100	299	551
0.100	300	291
4.800	300	300
0.100	300	480
-0.100	300	540
-0.100	301	286
7.800	301	301
0.100	301	481
-0.100	301	541
7.800	302	302
0.100	302	482
-0.100	302	542
-0.100	302	557
11.800	303	303
0.100	303	483
0.100	303	492
-0.100	303	543
0.100	304	259
0.100	304	268
2.500	304	304
0.100	304	448
0.100	305	269
4.700	305	305
0.100	305	449
0.100	306	270
4.800	306	306
0.100	306	450
-0.100	306	561
0.100	307	271
8.000	307	307
0.100	307	316
0.100	307	451
0.100	307	496
0.100	308	263
4.700	308	308
0.100	308	452
7.600	309	309
0.100	309	453
7.800	310	310
-0.100	310	313
0.100	310	454
-0.100	310	565
11.700	311	311
0.100	311	455
0.100	311	500
0.100	312	267
4.800	312	312
0.100	312	456
-0.100	312	564
-0.100	313	310
7.800	313	313
0.100	313	457
-0.100	313	565
7.800	314	314
0.100	314	458
-0.100	314	566
-0.100	314	569
11.800	315	315
0.100	315	459
0.100	315	504
-0.100	315	567
0.100	316	271
0.100	316	307
8.000	316	316
0.100	316	460
0.100	316	496
11.700	317	317
0.100	317	461
0.100	317	497
11.800	318	318
0.100	318	462
0.100	318	498
-0.100	318	573
16.500	319	319
0.100	319	463
0.100	319	499
0.100	319	508
0.700	320	320
2.100	321	321
2.300	322	322
-0.100	322	385
-0.100	322	577
4.700	323	323
0.100	323	332
0.100	323	368
2.100	324	324
4.200	325	325
4.500	326	326
-0.100	326	329
-0.100	326	389
-0.100	326	581
7.600	327	327
0.100	327	372
2.300	328	328
-0.100	328	388
-0.100	328	580
-0.100	329	326
4.500	329	329
-0.100	329	389
-0.100	329	581
4.600	330	330
-0.100	330	390
-0.100	330	393
-0.100	330	582
-0.100	330	585
7.800	331	331
0.100	331	376
-0.100	331	391
-0.100	331	583
0.100	332	323
4.700	332	332
0.100	332	368
7.600	333	333
0.100	333	369
7.800	334	334
0.100	334	370
-0.100	334	397
-0.100	334	589
11.700	335	335
0.100	335	371
0.100	335	380
2.100	336	336
4.200	337	337
4.500	338	338
-0.100	338	353
-0.100	338	401
-0.100	338	593
7.600	339	339
0.100	339	348
4.200	340	340
7.000	341	341
7.400	342	342
-0.100	342	345
-0.100	342	357
-0.100	342	405
-0.100	342	597
11.200	343	343
4.500	344	344
-0.100	344	356
-0.100	344	404
-0.100	344	596
-0.100	345	342
7.400	345	345
-0.100	345	357
-0.100	345	405
-0.100	345	597
7.600	346	346
-0.100	346	358
-0.100	346	361
-0.100	346	406
-0.100	346	409
-0.100	346	598
-0.100	346	601
11.500	347	347
-0.100	347	359
-0.100	347	407
-0.100	347	599
0.100	348	339
7.600	348	348
11.200	349	349
11.500	350	350
-0.100	350	365
-0.100	350	413
-0.100	350	605
16.100	351	351
2.300	352	352
-0.100	352	400
-0.100	352	592
-0.100	353	338
4.500	353	353
-0.100	353	401
-0.100	353	593
4.600	354	354
-0.100	354	402
-0.100	354	417
-0.100	354	594
-0.100	354	609
7.800	355	355
0.100	355	364
-0.100	355	403
-0.100	355	595
-0.100	356	344
4.500	356	356
-0.100	356	404
-0.100	356	596
-0.100	357	342
-0.100	357	345
7.400	357	357
-0.100	357	405
-0.100	357	597
-0.100	358	346
7.600	358	358
-0.100	358	361
-0.100	358	406
-0.100	358	421
-0.100	358	598
-0.100	358	613
-0.100	359	347
11.500	359	359
-0.100	359	407
-0.100	359	599
4.600	360	360
-0.100	360	408
-0.100	360	420
-0.100	360	600
-0.100	360	612
-0.100	361	346
-0.100	361	358
7.600	361	361
-0.100	361	409
-0.100	361	421
-0.100	361	601
-0.100	361	613
7.600	362	362
-0.100	362	410
-0.100	362	422
-0.100	362	425
-0.100	362	602
-0.100	362	614
-0.100	362	617
11.600	363	363
-0.100	363	411
-0.100	363	423
-0.100	363	603
-0.100	363	615
0.100	364	355
7.800	364	364
-0.100	364	412
-0.100	364	604
-0.100	365	350
11.500	365	365
-0.100	365	413
-0.100	365	605
11.600	366	366
-0.100	366	414
-0.100	366	429
-0.100	366	606
-0.100	366	621
16.300	367	367
-0.100	367	415
-0.100	367	607
0.100	368	323
0.100	368	332
4.700	368	368
0.100	369	333
7.600	369	369
0.100	370	334
7.800	370	370
-0.100	370	433
-0.100	370	625
0.100	371	335
11.700	371	371
0.100	371	380
0.100	372	327
7.600	372	372
11.200	373	373
11.500	374	374
-0.100	374	377
-0.100	374	437
-0.100	374	629
16.100	375	375
0.100	376	331
7.800	376	376
-0.100	376	436
-0.100	376	628
-0.100	377	374
11.500	377	377
-0.100	377	437
-0.100	377	629
11.600	378	378
-0.100	378	438
-0.100	378	441
-0.100	378	630
-0.100	378	633
16.300	379	379
-0.100	379	439
-0.100	379	631
0.100	380	335
0.100	380	371
11.700	380	380
16.100	381	381
16.300	382	382
-0.100	382	445
-0.100	382	637
21.700	383	383
0.800	384	384
-0.100	384	576
-0.100	385	322
2.300	385	385
-0.100	385	577
2.300	386	386
-0.100	386	578
-0.100	386	641
4.800	387	387
0.100	387	396
0.100	387	432
-0.100	387	579
-0.100	388	328
2.300	388	388
-0.100	388	580
-0.100	389	326
-0.100	389	329
4.500	389	389
-0.100	389	581
-0.100	390	330
4.600	390	390
-0.100	390	393
-0.100	390	582
-0.100	390	645
-0.100	391	331
7.800	391	391
0.100	391	436
-0.100	391	583
2.300	392	392
-0.100	392	584
-0.100	392	644
-0.100	393	330
-0.100	393	390
4.600	393	393
-0.100	393	585
-0.100	393	645
4.500	394	394
-0.100	394	586
-0.100	394	646
-0.100	394	649
7.800	395	395
0.100	395	440
-0.100	395	587
-0.100	395	647
0.100	396	387
4.800	396	396
0.100	396	432
-0.100	396	588
-0.100	397	334
7.800	397	397
0.100	397	433
-0.100	397	589
7.800	398	398
0.100	398	434
-0.100	398	590
-0.100	398	653
11.800	399	399
0.100	399	435
0.100	399	444
-0.100	399	591
-0.100	400	352
2.300	400	400
-0.100	400	592
-0.100	401	338
-0.100	401	353
4.500	401	401
-0.100	401	593
-0.100	402	354
4.600	402	402
-0.100	402	417
-0.100	402	594
-0.100	402	657
-0.100	403	355
7.800	403	403
0.100	403	412
-0.100	403	595
-0.100	404	344
-0.100	404	356
4.500	404	404
-0.100	404	596
-0.100	405	342
-0.100	405	345
-0.100	405	357
7.400	405	405
-0.100	405	597
-0.100	406	346
-0.100	406	358
7.600	406	406
-0.100	406	409
-0.100	406	421
-0.100	406	598
-0.100	406	661
-0.100	407	347
-0.100	407	359
11.500	407	407
-0.100	407	599
-0.100	408	360
4.600	408	408
-0.100	408	420
-0.100	408	600
-0.100	408	660
-0.100	409	346
-0.100	409	361
-0.100	409	406
7.600	409	409
-0.100	409	421
-0.100	409	601
-0.100	409	661
-0.100	410	362
7.600	410	410
-0.100	410	422
-0.100	410	425
-0.100	410	602
-0.100	410	662
-0.100	410	665
-0.100	411	363
11.600	411	411
-0.100	411	423
-0.100	411	603
-0.100	411	663
-0.100	412	364
0.100	412	403
7.800	412	412
-0.100	412	604
-0.100	413	350
-0.100	413	365
11.500	413	413
-0.100	413	605
-0.100	414	366
11.600	414	414
-0.100	414	429
-0.100	414	606
-0.100	414	669
-0.100	415	367
16.300	415	415
-0.100	415	607
2.300	416	416
-0.100	416	608
-0.100	416	656
-0.100	417	354
-0.100	417	402
4.600	417	417
-0.100	417	609
-0.100	417	657
4.500	418	418
-0.100	418	610
-0.100	418	658
-0.100	418	673
7.800	419	419
0.100	419	428
-0.100	419	611
-0.100	419	659
-0.100	420	360
-0.100	420	408
4.600	420	420
-0.100	420	612
-0.100	420	660
-0.100	421	358
-0.100	421	361
-0.100	421	406
-0.100	421	409
7.600	421	421
-0.100	421	613
-0.100	421	661
-0.100	422	362
-0.100	422	410
7.600	422	422
-0.100	422	425
-0.100	422	614
-0.100	422	662
-0.100	422	677
-0.100	423	363
-0.100	423	411
11.600	423	423
-0.100	423	615
-0.100	423	663
4.500	424	424
-0.100	424	616
-0.100	424	664
-0.100	424	676
-0.100	425	362
-0.100	425	410
-0.100	425	422
7.600	425	425
-0.100	425	617
-0.100	425	665
-0.100	425	677
7.400	426	426
-0.100	426	618
-0.100	426	666
-0.100	426	678
-0.100	426	681
11.500	427	427
-0.100	427	619
-0.100	427	667
-0.100	427	679
0.100	428	419
7.800	428	428
-0.100	428	620
-0.100	428	668
-0.100	429	366
-0.100	429	414
11.600	429	429
-0.100	429	621
-0.100	429	669
11.500	430	430
-0.100	430	622
-0.100	430	670
-0.100	430	685
16.300	431	431
-0.100	431	623
-0.100	431	671
0.100	432	387
0.100	432	396
4.800	432	432
-0.100	432	624
-0.100	433	370
0.100	433	397
7.800	433	433
-0.100	433	625
0.100	434	398
7.800	434	434
-0.100	434	626
-0.100	434	689
0.100	435	399
11.800	435	435
0.100	435	444
-0.100	435	627
-0.100	436	376
0.100	436	391
7.800	436	436
-0.100	436	628
-0.100	437	374
-0.100	437	377
11.500	437	437
-0.100	437	629
-0.100	438	378
11.600	438	438
-0.100	438	441
-0.100	438	630
-0.100	438	693
-0.100	439	379
16.300	439	439
-0.100	439	631
0.100	440	395
7.800	440	440
-0.100	440	632
-0.100	440	692
-0.100	441	378
-0.100	441	438
11.600	441	441
-0.100	441	633
-0.100	441	693
11.500	442	442
-0.100	442	634
-0.100	442	694
-0.100	442	697
16.300	443	443
-0.100	443	635
-0.100	443	695
0.100	444	399
0.100	444	435
11.800	444	444
-0.100	444	636
-0.100	445	382
16.300	445	445
-0.100	445	637
16.300	446	446
-0.100	446	638
-0.100	446	701
21.800	447	447
-0.100	447	639
0.100	448	259
0.100	448	268
0.100	448	304
2.500	448	448
0.100	449	269
0.100	449	305
4.700	449	449
0.100	450	270
0.100	450	306
4.800	450	450
-0.100	450	705
0.100	451	271
0.100	451	307
8.000	451	451
0.100	451	460
0.100	451	496
0.100	452	263
0.100	452	308
4.700	452	452
0.100	453	309
7.600	453	453
0.100	454	310
7.800	454	454
-0.100	454	457
-0.100	454	709
0.100	455	311
11.700	455	455
0.100	455	500
0.100	456	267
0.100	456	312
4.800	456	456
-0.100	456	708
0.100	457	313
-0.100	457	454
7.800	457	457
-0.100	457	709
0.100	458	314
7.800	458	458
-0.100	458	710
-0.100	458	713
0.100	459	315
11.800	459	459
0.100	459	504
-0.100	459	711
0.100	460	271
0.100	460	316
0.100	460	451
8.000	460	460
0.100	460	496
0.100	461	317
11.700	461	461
0.100	461	497
0.100	462	318
11.800	462	462
0.100	462	498
-0.100	462	717
0.100	463	319
16.500	463	463
0.100	463	499
0.100	463	508
0.100	464	275
0.100	464	284
4.700	464	464
0.100	465	285
7.600	465	465
0.100	466	286
7.800	466	466
-0.100	466	481
-0.100	466	721
0.100	467	287
11.700	467	467
0.100	467	476
0.100	468	279
7.600	468	468
11.200	469	469
11.500	470	470
-0.100	470	473
-0.100	470	485
-0.100	470	725
16.100	471	471
0.100	472	283
7.800	472	472
-0.100	472	484
-0.100	472	724
-0.100	473	470
11.500	473	473
-0.100	473	485
-0.100	473	725
11.600	474	474
-0.100	474	486
-0.100	474	489
-0.100	474	726
-0.100	474	729
16.300	475	475
-0.100	475	487
-0.100	475	727
0.100	476	287
0.100	476	467
11.700	476	476
16.100	477	477
16.300	478	478
-0.100	478	493
-0.100	478	733
21.700	479	479
0.100	480	291
0.100	480	300
4.800	480	480
-0.100	480	720
0.100	481	301
-0.100	481	466
7.800	481	481
-0.100	481	721
0.100	482	302
7.800	482	482
-0.100	482	722
-0.100	482	737
0.100	483	303
11.800	483	483
0.100	483	492
-0.100	483	723
0.100	484	295
-0.100	484	472
7.800	484	484
-0.100	484	724
-0.100	485	470
-0.100	485	473
11.500	485	485
-0.100	485	725
-0.100	486	474
11.600	486	486
-0.100	486	489
-0.100	486	726
-0.100	486	741
-0.100	487	475
16.300	487	487
-0.100	487	727
0.100	488	299
7.800	488	488
-0.100	488	728
-0.100	488	740
-0.100	489	474
-0.100	489	486
11.600	489	489
-0.100	489	729
-0.100	489	741
11.500	490	490
-0.100	490	730
-0.100	490	742
-0.100	490	745
16.300	491	491
-0.100	491	731
-0.100	491	743
0.100	492	303
0.100	492	483
11.800	492	492
-0.100	492	732
-0.100	493	478
16.300	493	493
-0.100	493	733
16.300	494	494
-0.100	494	734
-0.100	494	749
21.800	495	495
-0.100	495	735
0.100	496	307
0.100	496	316
0.100	496	451
0.100	496	460
8.000	496	496
0.100	497	317
0.100	497	461
11.700	497	497
0.100	498	318
0.100	498	462
11.800	498	498
-0.100	498	753
0.100	499	319
0.100	499	463
16.500	499	499
0.100	499	508
0.100	500	311
0.100	500	455
11.700	500	500
16.100	501	501
16.300	502	502
-0.100	502	505
-0.100	502	757
21.700	503	503
0.100	504	315
0.100	504	459
11.800	504	504
-0.100	504	756
-0.100	505	502
16.300	505	505
-0.100	505	757
16.300	506	506
-0.100	506	758
-0.100	506	761
21.800	507	507
-0.100	507	759
0.100	508	319
0.100	508	463
0.100	508	499
16.500	508	508
21.700	509	509
21.800	510	510
-0.100	510	765
28.000	511	511
-0.100	513	258
0.800	513	513
0.700	514	514
2.500	515	515
0.100	515	524
0.100	515	560
0.100	515	704
-0.100	516	264
0.800	516	516
-0.100	517	262
-0.100	517	265
2.300	517	517
-0.100	518	266
2.300	518	518
-0.100	518	521
-0.100	519	267
4.800	519	519
0.100	519	564
0.100	519	708
0.700	520	520
-0.100	521	266
-0.100	521	518
2.300	521	521
2.100	522	522
4.700	523	523
0.100	523	568
0.100	523	712
0.100	524	515
2.500	524	524
0.100	524	560
0.100	524	704
-0.100	525	270
4.800	525	525
0.100	525	561
0.100	525	705
4.700	526	526
0.100	526	562
0.100	526	706
8.000	527	527
0.100	527	563
0.100	527	572
0.100	527	707
0.100	527	716
-0.100	528	288
0.800	528	528
-0.100	529	274
-0.100	529	289
2.300	529	529
-0.100	530	290
2.300	530	530
-0.100	530	545
-0.100	531	291
4.800	531	531
0.100	531	540
0.100	531	720
-0.100	532	280
-0.100	532	292
2.300	532	532
-0.100	533	278
-0.100	533	281
-0.100	533	293
4.500	533	533
-0.100	534	282
-0.100	534	294
4.600	534	534
-0.100	534	537
-0.100	534	549
-0.100	535	283
-0.100	535	295
7.800	535	535
0.100	535	724
-0.100	536	296
2.300	536	536
-0.100	536	548
-0.100	537	282
-0.100	537	297
-0.100	537	534
4.600	537	537
-0.100	537	549
-0.100	538	298
4.500	538	538
-0.100	538	550
-0.100	538	553
-0.100	539	299
7.800	539	539
-0.100	539	551
0.100	539	728
-0.100	540	300
0.100	540	531
4.800	540	540
0.100	540	720
-0.100	541	286
-0.100	541	301
7.800	541	541
0.100	541	721
-0.100	542	302
7.800	542	542
-0.100	542	557
0.100	542	722
-0.100	543	303
11.800	543	543
0.100	543	723
0.100	543	732
0.700	544	544
-0.100	545	290
-0.100	545	530
2.300	545	545
2.100	546	546
4.700	547	547
0.100	547	556
0.100	547	736
-0.100	548	296
-0.100	548	536
2.300	548	548
-0.100	549	294
-0.100	549	297
-0.100	549	534
-0.100	549	537
4.600	549	549
-0.100	550	298
-0.100	550	538
4.500	550	550
-0.100	550	553
-0.100	551	299
-0.100	551	539
7.800	551	551
0.100	551	740
2.100	552	552
-0.100	553	298
-0.100	553	538
-0.100	553	550
4.500	553	553
4.200	554	554
7.600	555	555
0.100	555	744
0.100	556	547
4.700	556	556
0.100	556	736
-0.100	557	302
-0.100	557	542
7.800	557	557
0.100	557	737
7.600	558	558
0.100	558	738
11.700	559	559
0.100	559	739
0.100	559	748
0.100	560	515
0.100	560	524
2.500	560	560
0.100	560	704
-0.100	561	306
0.100	561	525
4.800	561	561
0.100	561	705
0.100	562	526
4.700	562	562
0.100	562	706
0.100	563	527
8.000	563	563
0.100	563	572
0.100	563	707
0.100	563	752
-0.100	564	312
0.100	564	519
4.800	564	564
0.100	564	708
-0.100	565	310
-0.100	565	313
7.800	565	565
0.100	565	709
-0.100	566	314
7.800	566	566
-0.100	566	569
0.100	566	710
-0.100	567	315
11.800	567	567
0.100	567	711
0.100	567	756
0.100	568	523
4.700	568	568
0.100	568	712
-0.100	569	314
-0.100	569	566
7.800	569	569
0.100	569	713
7.600	570	570
0.100	570	714
11.700	571	571
0.100	571	715
0.100	571	760
0.100	572	527
0.100	572	563
8.000	572	572
0.100	572	716
0.100	572	752
-0.100	573	318
11.800	573	573
0.100	573	717
0.100	573	753
11.700	574	574
0.100	574	718
0.100	574	754
16.500	575	575
0.100	575	719
0.100	575	755
0.100	575	764
-0.100	576	384
0.800	576	576
-0.100	577	322
-0.100	577	385
2.300	577	577
-0.100	578	386
2.300	578	578
-0.100	578	641
-0.100	579	387
4.800	579	579
0.100	579	588
0.100	579	624
-0.100	580	328
-0.100	580	388
2.300	580	580
-0.100	581	326
-0.100	581	329
-0.100	581	389
4.500	581	581
-0.100	582	330
-0.100	582	390
4.600	582	582
-0.100	582	585
-0.100	582	645
-0.100	583	331
-0.100	583	391
7.800	583	583
0.100	583	628
-0.100	584	392
2.300	584	584
-0.100	584	644
-0.100	585	330
-0.100	585	393
-0.100	585	582
4.600	585	585
-0.100	585	645
-0.100	586	394
4.500	586	586
-0.100	586	646
-0.100	586	649
-0.100	587	395
7.800	587	587
0.100	587	632
-0.100	587	647
-0.100	588	396
0.100	588	579
4.800	588	588
0.100	588	624
-0.100	589	334
-0.100	589	397
7.800	589	589
0.100	589	625
-0.100	590	398
7.800	590	590
0.100	590	626
-0.100	590	653
-0.100	591	399
11.800	591	591
0.100	591	627
0.100	591	636
-0.100	592	352
-0.100	592	400
2.300	592	592
-0.100	593	338
-0.100	593	353
-0.100	593	401
4.500	593	593
-0.100	594	354
-0.100	594	402
4.600	594	594
-0.100	594	609
-0.100	594	657
-0.100	595	355
-0.100	595	403
7.800	595	595
0.100	595	604
-0.100	596	344
-0.100	596	356
-0.100	596	404
4.500	596	596
-0.100	597	342
-0.100	597	345
-0.100	597	357
-0.100	597	405
7.400	597	597
-0.100	598	346
-0.100	598	358
-0.100	598	406
7.600	598	598
-0.100	598	601
-0.100	598	613
-0.100	598	661
-0.100	599	347
-0.100	599	359
-0.100	599	407
11.500	599	599
-0.100	600	360
-0.100	600	408
4.600	600	600
-0.100	600	612
-0.100	600	660
-0.100	601	346
-0.100	601	361
-0.100	601	409
-0.100	601	598
7.600	601	601
-0.100	601	613
-0.100	601	661
-0.100	602	362
-0.100	602	410
7.600	602	602
-0.100	602	614
-0.100	602	617
-0.100	602	662
-0.100	602	665
-0.100	603	363
-0.100	603	411
11.600	603	603
-0.100	603	615
-0.100	603	663
-0.100	604	364
-0.100	604	412
0.100	604	595
7.800	604	604
-0.100	605	350
-0.100	605	365
-0.100	605	413
11.500	605	605
-0.100	606	366
-0.100	606	414
11.600	606	606
-0.100	606	621
-0.100	606	669
-0.100	607	367
-0.100	607	415
16.300	607	607
-0.100	608	416
2.300	608	608
-0.100	608	656
-0.100	609	354
-0.100	609	417
-0.100	609	594
4.600	609	609
-0.100	609	657
-0.100	610	418
4.500	610	610
-0.100	610	658
-0.100	610	673
-0.100	611	419
7.800	611	611
0.100	611	620
-0.100	611	659
-0.100	612	360
-0.100	612	420
-0.100	612	600
4.600	612	612
-0.100	612	660
-0.100	613	358
-0.100	613	361
-0.100	613	421
-0.100	613	598
-0.100	613	601
7.600	613	613
-0.100	613	661
-0.100	614	362
-0.100	614	422
-0.100	614	602
7.600	614	614
-0.100	614	617
-0.100	614	662
-0.100	614	677
-0.100	615	363
-0.100	615	423
-0.100	615	603
11.600	615	615
-0.100	615	663
-0.100	616	424
4.500	616	616
-0.100	616	664
-0.100	616	676
-0.100	617	362
-0.100	617	425
-0.100	617	602
-0.100	617	614
7.600	617	617
-0.100	617	665
-0.100	617	677
-0.100	618	426
7.400	618	618
-0.100	618	666
-0.100	618	678
-0.100	618	681
-0.100	619	427
11.500	619	619
-0.100	619	667
-0.100	619	679
-0.100	620	428
0.100	620	611
7.800	620	620
-0.100	620	668
-0.100	621	366
-0.100	621	429
-0.100	621	606
11.600	621	621
-0.100	621	669
-0.100	622	430
11.500	622	622
-0.100	622	670
-0.100	622	685
-0.100	623	431
16.300	623	623
-0.100	623	671
-0.100	624	432
0.100	624	579
0.100	624	588
4.800	624	624
-0.100	625	370
-0.100	625	433
0.100	625	589
7.800	625	625
-0.100	626	434
0.100	626	590
7.800	626	626
-0.100	626	689
-0.100	627	435
0.100	627	591
11.800	627	627
0.100	627	636
-0.100	628	376
-0.100	628	436
0.100	628	583
7.800	628	628
-0.100	629	374
-0.100	629	377
-0.100	629	437
11.500	629	629
-0.100	630	378
-0.100	630	438
11.600	630	630
-0.100	630	633
-0.100	630	693
-0.100	631	379
-0.100	631	439
16.300	631	631
-0.100	632	440
0.100	632	587
7.800	632	632
-0.100	632	692
-0.100	633	378
-0.100	633	441
-0.100	633	630
11.600	633	633
-0.100	633	693
-0.100	634	442
11.500	634	634
-0.100	634	694
-0.100	634	697
-0.100	635	443
16.300	635	635
-0.100	635	695
-0.100	636	444
0.100	636	591
0.100	636	627
11.800	636	636
-0.100	637	382
-0.100	637	445
16.300	637	637
-0.100	638	446
16.300	638	638
-0.100	638	701
-0.100	639	447
21.800	639	639
0.700	640	640
-0.100	641	386
-0.100	641	578
2.300	641	641
2.100	642	642
4.700	643	643
0.100	643	652
0.100	643	688
-0.100	644	392
-0.100	644	584
2.300	644	644
-0.100	645	390
-0.100	645	393
-0.100	645	582
-0.100	645	585
4.600	645	645
-0.100	646	394
-0.100	646	586
4.500	646	646
-0.100	646	649
-0.100	647	395
-0.100	647	587
7.800	647	647
0.100	647	692
2.100	648	648
-0.100	649	394
-0.100	649	586
-0.100	649	646
4.500	649	649
4.200	650	650
7.600	651	651
0.100	651	696
0.100	652	643
4.700	652	652
0.100	652	688
-0.100	653	398
-0.100	653	590
7.800	653	653
0.100	653	689
7.600	654	654
0.100	654	690
11.700	655	655
0.100	655	691
0.100	655	700
-0.100	656	416
-0.100	656	608
2.300	656	656
-0.100	657	402
-0.100	657	417
-0.100	657	594
-0.100	657	609
4.600	657	657
-0.100	658	418
-0.100	658	610
4.500	658	658
-0.100	658	673
-0.100	659	419
-0.100	659	611
7.800	659	659
0.100	659	668
-0.100	660	408
-0.100	660	420
-0.100	660	600
-0.100	660	612
4.600	660	660
-0.100	661	406
-0.100	661	409
-0.100	661	421
-0.100	661	598
-0.100	661	601
-0.100	661	613
7.600	661	661
-0.100	662	410
-0.100	662	422
-0.100	662	602
-0.100	662	614
7.600	662	662
-0.100	662	665
-0.100	662	677
-0.100	663	411
-0.100	663	423
-0.100	663	603
-0.100	663	615
11.600	663	663
-0.100	664	424
-0.100	664	616
4.500	664	664
-0.100	664	676
-0.100	665	410
-0.100	665	425
-0.100	665	602
-0.100	665	617
-0.100	665	662
7.600	665	665
-0.100	665	677
-0.100	666	426
-0.100	666	618
7.400	666	666
-0.100	666	678
-0.100	666	681
-0.100	667	427
-0.100	667	619
11.500	667	667
-0.100	667	679
-0.100	668	428
-0.100	668	620
0.100	668	659
7.800	668	668
-0.100	669	414
-0.100	669	429
-0.100	669	606
-0.100	669	621
11.600	669	669
-0.100	670	430
-0.100	670	622
11.500	670	670
-0.100	670	685
-0.100	671	431
-0.100	671	623
16.300	671	671
2.100	672	672
-0.100	673	418
-0.100	673	610
-0.100	673	658
4.500	673	673
4.200	674	674
7.600	675	675
0.100	675	684
-0.100	676	424
-0.100	676	616
-0.100	676	664
4.500	676	676
-0.100	677	422
-0.100	677	425
-0.100	677	614
-0.100	677	617
-0.100	677	662
-0.100	677	665
7.600	677	677
-0.100	678	426
-0.100	678	618
-0.100	678	666
7.400	678	678
-0.100	678	681
-0.100	679	427
-0.100	679	619
-0.100	679	667
11.500	679	679
4.200	680	680
-0.100	681	426
-0.100	681	618
-0.100	681	666
-0.100	681	678
7.400	681	681
7.000	682	682
11.200	683	683
0.100	684	675
7.600	684	684
-0.100	685	430
-0.100	685	622
-0.100	685	670
11.500	685	685
11.200	686	686
16.100	687	687
0.100	688	643
0.100	688	652
4.700	688	688
-0.100	689	434
-0.100	689	626
0.100	689	653
7.800	689	689
0.100	690	654
7.600	690	690
0.100	691	655
11.700	691	691
0.100	691	700
-0.100	692	440
-0.100	692	632
0.100	692	647
7.800	692	692
-0.100	693	438
-0.100	693	441
-0.100	693	630
-0.100	693	633
11.600	693	693
-0.100	694	442
-0.100	694	634
11.500	694	694
-0.100	694	697
-0.100	695	443
-0.100	695	635
16.300	695	695
0.100	696	651
7.600	696	696
-0.100	697	442
-0.100	697	634
-0.100	697	694
11.500	697	697
11.200	698	698
16.100	699	699
0.100	700	655
0.100	700	691
11.700	700	700
-0.100	701	446
-0.100	701	638
16.300	701	701
16.100	702	702
21.700	703	703
0.100	704	515
0.100	704	524
0.100	704	560
2.500	704	704
-0.100	705	450
0.100	705	525
0.100	705	561
4.800	705	705
0.100	706	526
0.100	706	562
4.700	706	706
0.100	707	527
0.100	707	563
8.000	707	707
0.100	707	716
0.100	707	752
-0.100	708	456
0.100	708	519
0.100	708	564
4.800	708	708
-0.100	709	454
-0.100	709	457
0.100	709	565
7.800	709	709
-0.100	710	458
0.100	710	566
7.800	710	710
-0.100	710	713
-0.100	711	459
0.100	711	567
11.800	711	711
0.100	711	756
0.100	712	523
0.100	712	568
4.700	712	712
-0.100	713	458
0.100	713	569
-0.100	713	710
7.800	713	713
0.100	714	570
7.600	714	714
0.100	715	571
11.700	715	715
0.100	715	760
0.100	716	527
0.100	716	572
0.100	716	707
8.000	716	716
0.100	716	752
-0.100	717	462
0.100	717	573
11.800	717	717
0.100	717	753
0.100	718	574
11.700	718	718
0.100	718	754
0.100	719	575
16.500	719	719
0.100	719	755
0.100	719	764
-0.100	720	480
0.100	720	531
0.100	720	540
4.800	720	720
-0.100	721	466
-0.100	721	481
0.100	721	541
7.800	721	721
-0.100	722	482
0.100	722	542
7.800	722	722
-0.100	722	737
-0.100	723	483
0.100	723	543
11.800	723	723
0.100	723	732
-0.100	724	472
-0.100	724	484
0.100	724	535
7.800	724	724
-0.100	725	470
-0.100	725	473
-0.100	725	485
11.500	725	725
-0.100	726	474
-0.100	726	486
11.600	726	726
-0.100	726	729
-0.100	726	741
-0.100	727	475
-0.100	727	487
16.300	727	727
-0.100	728	488
0.100	728	539
7.800	728	728
-0.100	728	740
-0.100	729	474
-0.100	729	489
-0.100	729	726
11.600	729	729
-0.100	729	741
-0.100	730	490
11.500	730	730
-0.100	730	742
-0.100	730	745
-0.100	731	491
16.300	731	731
-0.100	731	743
-0.100	732	492
0.100	732	543
0.100	732	723
11.800	732	732
-0.100	733	478
-0.100	733	493
16.300	733	733
-0.100	734	494
16.300	734	734
-0.100	734	749
-0.100	735	495
21.800	735	735
0.100	736	547
0.100	736	556
4.700	736	736
-0.100	737	482
0.100	737	557
-0.100	737	722
7.800	737	737
0.100	738	558
7.600	738	738
0.100	739	559
11.700	739	739
0.100	739	748
-0.100	740	488
0.100	740	551
-0.100	740	728
7.800	740	740
-0.100	741	486
-0.100	741	489
-0.100	741	726
-0.100	741	729
11.600	741	741
-0.100	742	490
-0.100	742	730
11.500	742	742
-0.100	742	745
-0.100	743	491
-0.100	743	731
16.300	743	743
0.100	744	555
7.600	744	744
-0.100	745	490
-0.100	745	730
-0.100	745	742
11.500	745	745
11.200	746	746
16.100	747	747
0.100	748	559
0.100	748	739
11.700	748	748
-0.100	749	494
-0.100	749	734
16.300	749	749
16.100	750	750
21.700	751	751
0.100	752	563
0.100	752	572
0.100	752	707
0.100	752	716
8.000	752	752
-0.100	753	498
0.100	753	573
0.100	753	717
11.800	753	753
0.100	754	574
0.100	754	718
11.700	754	754
0.100	755	575
0.100	755	719
16.500	755	755
0.100	755	764
-0.100	756	504
0.100	756	567
0.100	756	711
11.800	756	756
-0.100	757	502
-0.100	757	505
16.300	757	757
-0.100	758	506
16.300	758	758
-0.100	758	761
-0.100	759	507
21.800	759	759
0.100	760	571
0.100	760	715
11.700	760	760
-0.100	761	506
-0.100	761	758
16.300	761	761
16.100	762	762
21.700	763	763
0.100	764	575
0.100	764	719
0.100	764	755
16.500	764	764
-0.100	765	510
21.800	765	765
21.700	766	766
28.000	767	767
0.100	768	3
0.100	768	12
0.100	768	48
0.100	768	192
1.000	768	768
0.100	769	13
0.100	769	49
0.100	769	193
2.500	769	769
0.100	770	14
0.100	770	50
0.100	770	194
2.500	770	770
0.100	771	15
0.100	771	51
0.100	771	195
5.000	771	771
0.100	771	780
0.100	771	816
0.100	771	960
0.100	772	7
0.100	772	52
0.100	772	196
2.500	772	772
0.100	773	53
0.100	773	197
4.700	773	773
0.100	774	54
0.100	774	198
4.800	774	774
-0.100	774	777
0.100	775	55
0.100	775	199
8.000	775	775
0.100	775	820
0.100	775	964
0.100	776	11
0.100	776	56
0.100	776	200
2.500	776	776
0.100	777	57
0.100	777	201
-0.100	777	774
4.800	777	777
0.100	778	58
0.100	778	202
4.700	778	778
0.100	779	59
0.100	779	203
8.000	779	779
0.100	779	824
0.100	779	968
0.100	780	15
0.100	780	60
0.100	780	204
0.100	780	771
5.000	780	780
0.100	780	816
0.100	780	960
0.100	781	61
0.100	781	205
8.000	781	781
0.100	781	817
0.100	781	961
0.100	782	62
0.100	782	206
8.000	782	782
0.100	782	818
0.100	782	962
0.100	783	63
0.100	783	207
12.000	783	783
0.100	783	819
0.100	783	828
0.100	783	963
0.100	783	972
0.100	784	19
0.100	784	28
0.100	784	208
2.500	784	784
0.100	785	29
0.100	785	209
4.700	785	785
0.100	786	30
0.100	786	210
4.800	786	786
-0.100	786	801
0.100	787	31
0.100	787	211
8.000	787	787
0.100	787	796
0.100	787	976
0.100	788	23
0.100	788	212
4.700	788	788
0.100	789	213
7.600	789	789
0.100	790	214
7.800	790	790
-0.100	790	793
-0.100	790	805
0.100	791	215
11.700	791	791
0.100	791	980
0.100	792	27
0.100	792	216
4.800	792	792
-0.100	792	804
0.100	793	217
-0.100	793	790
7.800	793	793
-0.100	793	805
0.100	794	218
7.800	794	794
-0.100	794	806
-0.100	794	809
0.100	795	219
11.800	795	795
-0.100	795	807
0.100	795	984
0.100	796	31
0.100	796	220
0.100	796	787
8.000	796	796
0.100	796	976
0.100	797	221
11.700	797	797
0.100	797	977
0.100	798	222
11.800	798	798
-0.100	798	813
0.100	798	978
0.100	799	223
16.500	799	799
0.100	799	979
0.100	799	988
0.100	800	35
0.100	800	44
0.100	800	224
2.500	800	800
0.100	801	45
0.100	801	225
-0.100	801	786
4.800	801	801
0.100	802	46
0.100	802	226
4.700	802	802
0.100	803	47
0.100	803	227
8.000	803	803
0.100	803	812
0.100	803	992
0.100	804	39
0.100	804	228
-0.100	804	792
4.800	804	804
0.100	805	229
-0.100	805	790
-0.100	805	793
7.800	805	805
0.100	806	230
-0.100	806	794
7.800	806	806
-0.100	806	809
0.100	807	231
-0.100	807	795
11.800	807	807
0.100	807	996
0.100	808	43
0.100	808	232
4.700	808	808
0.100	809	233
-0.100	809	794
-0.100	809	806
7.800	809	809
0.100	810	234
7.600	810	810
0.100	811	235
11.700	811	811
0.100	811	1000
0.100	812	47
0.100	812	236
0.100	812	803
8.000	812	812
0.100	812	992
0.100	813	237
-0.100	813	798
11.800	813	813
0.100	813	993
0.100	814	238
11.700	814	814
0.100	814	994
0.100	815	239
16.500	815	815
0.100	815	995
0.100	815	1004
0.100	816	51
0.100	816	60
0.100	816	240
0.100	816	771
0.100	816	780
5.000	816	816
0.100	816	960
0.100	817	61
0.100	817	241
0.100	817	781
8.000	817	817
0.100	817	961
0.100	818	62
0.100	818	242
0.100	818	782
8.000	818	818
0.100	818	962
0.100	819	63
0.100	819	243
0.100	819	783
12.000	819	819
0.100	819	828
0.100	819	963
0.100	819	1008
0.100	820	55
0.100	820	244
0.100	820	775
8.000	820	820
0.100	820	964
0.100	821	245
11.700	821	821
0.100	821	965
0.100	822	246
11.800	822	822
-0.100	822	825
0.100	822	966
0.100	823	247
16.500	823	823
0.100	823	967
0.100	823	1012
0.100	824	59
0.100	824	248
0.100	824	779
8.000	824	824
0.100	824	968
0.100	825	249
-0.100	825	822
11.800	825	825
0.100	825	969
0.100	826	250
11.700	826	826
0.100	826	970
0.100	827	251
16.500	827	827
0.100	827	971
0.100	827	1016
0.100	828	63
0.100	828	252
0.100	828	783
0.100	828	819
12.000	828	828
0.100	828	972
0.100	828	1008
0.100	829	253
16.500	829	829
0.100	829	973
0.100	829	1009
0.100	830	254
16.500	830	830
0.100	830	974
0.100	830	1010
0.100	831	255
22.000	831	831
0.100	831	975
0.100	831	1011
0.100	831	1020
0.100	832	67
0.100	832	76
0.100	832	112
2.500	832	832
0.100	833	77
0.100	833	113
4.700	833	833
0.100	834	78
0.100	834	114
4.800	834	834
-0.100	834	897
0.100	835	79
0.100	835	115
8.000	835	835
0.100	835	844
0.100	835	880
0.100	836	71
0.100	836	116
4.700	836	836
0.100	837	117
7.600	837	837
0.100	838	118
7.800	838	838
-0.100	838	841
-0.100	838	901
0.100	839	119
11.700	839	839
0.100	839	884
0.100	840	75
0.100	840	120
4.800	840	840
-0.100	840	900
0.100	841	121
-0.100	841	838
7.800	841	841
-0.100	841	901
0.100	842	122
7.800	842	842
-0.100	842	902
-0.100	842	905
0.100	843	123
11.800	843	843
0.100	843	888
-0.100	843	903
0.100	844	79
0.100	844	124
0.100	844	835
8.000	844	844
0.100	844	880
0.100	845	125
11.700	845	845
0.100	845	881
0.100	846	126
11.800	846	846
0.100	846	882
-0.100	846	909
0.100	847	127
16.500	847	847
0.100	847	883
0.100	847	892
0.100	848	83
0.100	848	92
4.700	848	848
0.100	849	93
7.600	849	849
0.100	850	94
7.800	850	850
-0.100	850	865
-0.100	850	913
0.100	851	95
11.700	851	851
0.100	851	860
0.100	852	87
7.600	852	852
11.200	853	853
11.500	854	854
-0.100	854	857
-0.100	854	869
-0.100	854	917
16.100	855	855
0.100	856	91
7.800	856	856
-0.100	856	868
-0.100	856	916
-0.100	857	854
11.500	857	857
-0.100	857	869
-0.100	857	917
11.600	858	858
-0.100	858	870
-0.100	858	873
-0.100	858	918
-0.100	858	921
16.300	859	859
-0.100	859	871
-0.100	859	919
0.100	860	95
0.100	860	851
11.700	860	860
16.100	861	861
16.300	862	862
-0.100	862	877
-0.100	862	925
21.700	863	863
0.100	864	99
0.100	864	108
4.800	864	864
-0.100	864	912
0.100	865	109
-0.100	865	850
7.800	865	865
-0.100	865	913
0.100	866	110
7.800	866	866
-0.100	866	914
-0.100	866	929
0.100	867	111
11.800	867	867
0.100	867	876
-0.100	867	915
0.100	868	103
-0.100	868	856
7.800	868	868
-0.100	868	916
-0.100	869	854
-0.100	869	857
11.500	869	869
-0.100	869	917
-0.100	870	858
11.600	870	870
-0.100	870	873
-0.100	870	918
-0.100	870	933
-0.100	871	859
16.300	871	871
-0.100	871	919
0.100	872	107
7.800	872	872
-0.100	872	920
-0.100	872	932
-0.100	873	858
-0.100	873	870
11.600	873	873
-0.100	873	921
-0.100	873	933
11.500	874	874
-0.100	874	922
-0.100	874	934
-0.100	874	937
16.300	875	875
-0.100	875	923
-0.100	875	935
0.100	876	111
0.100	876	867
11.800	876	876
-0.100	876	924
-0.100	877	862
16.300	877	877
-0.100	877	925
16.300	878	878
-0.100	878	926
-0.100	878	941
21.800	879	879
-0.100	879	927
0.100	880	115
0.100	880	124
0.100	880	835
0.100	880	844
8.000	880	880
0.100	881	125
0.100	881	845
11.700	881	881
0.100	882	126
0.100	882	846
11.800	882	882
-0.100	882	945
0.100	883	127
0.100	883	847
16.500	883	883
0.100	883	892
0.100	884	119
0.100	884	839
11.700	884	884
16.100	885	885
16.300	886	886
-0.100	886	889
-0.100	886	949
21.700	887	887
0.100	888	123
0.100	888	843
11.800	888	888
-0.100	888	948
-0.100	889	886
16.300	889	889
-0.100	889	949
16.300	890	890
-0.100	890	950
-0.100	890	953
21.800	891	891
-0.100	891	951
0.100	892	127
0.100	892	847
0.100	892	883
16.500	892	892
21.700	893	893
21.800	894	894
-0.100	894	957
28.000	895	895
0.100	896	131
0.100	896	140
0.100	896	176
2.500	896	896
0.100	897	141
0.100	897	177
-0.100	897	834
4.800	897	897
0.100	898	142
0.100	898	178
4.700	898	898
0.100	899	143
0.100	899	179
8.000	899	899
0.100	899	908
0.100	899	944
0.100	900	135
0.100	900	180
-0.100	900	840
4.800	900	900
0.100	901	181
-0.100	901	838
-0.100	901	841
7.800	901	901
0.100	902	182
-0.100	902	842
7.800	902	902
-0.100	902	905
0.100	903	183
-0.100	903	843
11.800	903	903
0.100	903	948
0.100	904	139
0.100	904	184
4.700	904	904
0.100	905	185
-0.100	905	842
-0.100	905	902
7.800	905	905
0.100	906	186
7.600	906	906
0.100	907	187
11.700	907	907
0.100	907	952
0.100	908	143
0.100	908	188
0.100	908	899
8.000	908	908
0.100	908	944
0.100	909	189
-0.100	909	846
11.800	909	909
0.100	909	945
0.100	910	190
11.700	910	910
0.100	910	946
0.100	911	191
16.500	911	911
0.100	911	947
0.100	911	956
0.100	912	147
0.100	912	156
-0.100	912	864
4.800	912	912
0.100	913	157
-0.100	913	850
-0.100	913	865
7.800	913	913
0.100	914	158
-0.100	914	866
7.800	914	914
-0.100	914	929
0.100	915	159
-0.100	915	867
11.800	915	915
0.100	915	924
0.100	916	151
-0.100	916	856
-0.100	916	868
7.800	916	916
-0.100	917	854
-0.100	917	857
-0.100	917	869
11.500	917	917
-0.100	918	858
-0.100	918	870
11.600	918	918
-0.100	918	921
-0.100	918	933
-0.100	919	859
-0.100	919	871
16.300	919	919
0.100	920	155
-0.100	920	872
7.800	920	920
-0.100	920	932
-0.100	921	858
-0.100	921	873
-0.100	921	918
11.600	921	921
-0.100	921	933
-0.100	922	874
11.500	922	922
-0.100	922	934
-0.100	922	937
-0.100	923	875
16.300	923	923
-0.100	923	935
0.100	924	159
-0.100	924	876
0.100	924	915
11.800	924	924
-0.100	925	862
-0.100	925	877
16.300	925	925
-0.100	926	878
16.300	926	926
-0.100	926	941
-0.100	927	879
21.800	927	927
0.100	928	163
0.100	928	172
4.700	928	928
0.100	929	173
-0.100	929	866
-0.100	929	914
7.800	929	929
0.100	930	174
7.600	930	930
0.100	931	175
11.700	931	931
0.100	931	940
0.100	932	167
-0.100	932	872
-0.100	932	920
7.800	932	932
-0.100	933	870
-0.100	933	873
-0.100	933	918
-0.100	933	921
11.600	933	933
-0.100	934	874
-0.100	934	922
11.500	934	934
-0.100	934	937
-0.100	935	875
-0.100	935	923
16.300	935	935
0.100	936	171
7.600	936	936
-0.100	937	874
-0.100	937	922
-0.100	937	934
11.500	937	937
11.200	938	938
16.100	939	939
0.100	940	175
0.100	940	931
11.700	940	940
-0.100	941	878
-0.100	941	926
16.300	941	941
16.100	942	942
21.700	943	943
0.100	944	179
0.100	944	188
0.100	944	899
0.100	944	908
8.000	944	944
0.100	945	189
-0.100	945	882
0.100	945	909
11.800	945	945
0.100	946	190
0.100	946	910
11.700	946	946
0.100	947	191
0.100	947	911
16.500	947	947
0.100	947	956
0.100	948	183
-0.100	948	888
0.100	948	903
11.800	948	948
-0.100	949	886
-0.100	949	889
16.300	949	949
-0.100	950	890
16.300	950	950
-0.100	950	953
-0.100	951	891
21.800	951	951
0.100	952	187
0.100	952	907
11.700	952	952
-0.100	953	890
-0.100	953	950
16.300	953	953
16.100	954	954
21.700	955	955
0.100	956	191
0.100	956	911
0.100	956	947
16.500	956	956
-0.100	957	894
21.800	957	957
21.700	958	958
28.000	959	959
0.100	960	195
0.100	960	204
0.100	960	240
0.100	960	771
0.100	960	780
0.100	960	816
5.000	960	960
0.100	961	205
0.100	961	241
0.100	961	781
0.100	961	817
8.000	961	961
0.100	962	206
0.100	962	242
0.100	962	782
0.100	962	818
8.000	962	962
0.100	963	207
0.100	963	243
0.100	963	783
0.100	963	819
12.000	963	963
0.100	963	972
0.100	963	1008
0.100	964	199
0.100	964	244
0.100	964	775
0.100	964	820
8.000	964	964
0.100	965	245
0.100	965	821
11.700	965	965
0.100	966	246
0.100	966	822
11.800	966	966
-0.100	966	969
0.100	967	247
0.100	967	823
16.500	967	967
0.100	967	1012
0.100	968	203
0.100	968	248
0.100	968	779
0.100	968	824
8.000	968	968
0.100	969	249
0.100	969	825
-0.100	969	966
11.800	969	969
0.100	970	250
0.100	970	826
11.700	970	970
0.100	971	251
0.100	971	827
16.500	971	971
0.100	971	1016
0.100	972	207
0.100	972	252
0.100	972	783
0.100	972	828
0.100	972	963
12.000	972	972
0.100	972	1008
0.100	973	253
0.100	973	829
16.500	973	973
0.100	973	1009
0.100	974	254
0.100	974	830
16.500	974	974
0.100	974	1010
0.100	975	255
0.100	975	831
22.000	975	975
0.100	975	1011
0.100	975	1020
0.100	976	211
0.100	976	220
0.100	976	787
0.100	976	796
8.000	976	976
0.100	977	221
0.100	977	797
11.700	977	977
0.100	978	222
0.100	978	798
11.800	978	978
-0.100	978	993
0.100	979	223
0.100	979	799
16.500	979	979
0.100	979	988
0.100	980	215
0.100	980	791
11.700	980	980
16.100	981	981
16.300	982	982
-0.100	982	985
-0.100	982	997
21.700	983	983
0.100	984	219
0.100	984	795
11.800	984	984
-0.100	984	996
-0.100	985	982
16.300	985	985
-0.100	985	997
16.300	986	986
-0.100	986	998
-0.100	986	1001
21.800	987	987
-0.100	987	999
0.100	988	223
0.100	988	799
0.100	988	979
16.500	988	988
21.700	989	989
21.800	990	990
-0.100	990	1005
28.000	991	991
0.100	992	227
0.100	992	236
0.100	992	803
0.100	992	812
8.000	992	992
0.100	993	237
0.100	993	813
-0.100	993	978
11.800	993	993
0.100	994	238
0.100	994	814
11.700	994	994
0.100	995	239
0.100	995	815
16.500	995	995
0.100	995	1004
0.100	996	231
0.100	996	807
-0.100	996	984
11.800	996	996
-0.100	997	982
-0.100	997	985
16.300	997	997
-0.100	998	986
16.300	998	998
-0.100	998	1001
-0.100	999	987
21.800	999	999
0.100	1000	235
0.100	1000	811
11.700	1000	1000
-0.100	1001	986
-0.100	1001	998
16.300	1001	1001
16.100	1002	1002
21.700	1003	1003
0.100	1004	239
0.100	1004	815
0.100	1004	995
16.500	1004	1004
-0.100	1005	990
21.800	1005	1005
21.700	1006	1006
28.000	1007	1007
0.100	1008	243
0.100	1008	252
0.100	1008	819
0.100	1008	828
0.100	1008	963
0.100	1008	972
12.000	1008	1008
0.100	1009	253
0.100	1009	829
0.100	1009	973
16.500	1009	1009
0.100	1010	254
0.100	1010	830
0.100	1010	974
16.500	1010	1010
0.100	1011	255
0.100	1011	831
0.100	1011	975
22.000	1011	1011
0.100	1011	1020
0.100	1012	247
0.100	1012	823
0.100	1012	967
16.500	1012	1012
21.700	1013	1013
21.800	1014	1014
-0.100	1014	1017
28.000	1015	1015
0.100	1016	251
0.100	1016	827
0.100	1016	971
16.500	1016	1016
-0.100	1017	1014
21.800	1017	1017
21.700	1018	1018
28.000	1019	1019
0.100	1020	255
0.100	1020	831
0.100	1020	975
0.100	1020	1011
22.000	1020	1020
28.000	1021	1021
28.000	1022	1022
35.000	1023	1023
